Activity Financial (of 47) ISV (of 38) Cloud (of 16) Healthcare (of 17) IoT (of 12) Insurance (of 11)
[SM1.1] 30 21 8 7 5 3
[SM1.2] 22 25 10 7 9 3
[SM1.3] 25 20 9 7 6 5
[SM1.4] 44 32 14 13 8 9
[SM2.1] 24 18 10 4 4 4
[SM2.2] 23 11 7 5 2 3
[SM2.3] 15 18 8 8 5 4
[SM2.5] 14 5 3 2 2 1
[SM2.6] 21 11 7 2 2 1
[SM3.1] 8 5 3 2 1 1
[SM3.2] 1 6 5 1 2 1
[CP1.1] 33 19 10 14 7 6
[CP1.2] 42 24 11 17 11 9
[CP1.3] 32 19 9 8 4 4
[CP2.1] 15 8 5 4 2 2
[CP2.2] 23 11 7 6 3 1
[CP2.3] 17 13 8 5 4 3
[CP2.4] 21 13 5 6 5 4
[CP2.5] 17 16 8 9 3 4
[CP3.1] 16 6 3 2 1 2
[CP3.2] 8 3 3 2 1 2
[CP3.3] 3 2 2 0 0 0
[T1.1] 31 31 15 9 10 6
[T1.5] 14 15 8 1 4 2
[T1.6] 8 12 5 3 4 1
[T1.7] 24 17 8 4 5 5
[T2.5] 5 9 3 3 2 2
[T2.6] 10 4 3 3 2 2
[T3.1] 0 3 3 0 0 0
[T3.2] 2 2 1 2 2 2
[T3.3] 1 3 2 0 1 0
[T3.4] 3 4 4 1 1 0
[T3.5] 1 2 2 0 0 0
[T3.6] 1 3 3 0 1 0
[AM1.2] 40 20 10 8 8 6
[AM1.3] 18 12 5 6 4 2
[AM1.5] 25 18 8 7 7 4
[AM2.1] 1 5 3 4 1 2
[AM2.2] 1 5 5 0 1 0
[AM2.5] 5 5 2 3 2 1
[AM2.6] 3 6 5 4 2 1
[AM2.7] 1 7 6 1 2 1
[AM3.1] 0 4 1 1 1 0
[AM3.2] 0 1 1 0 0 0
[SFD1.1] 42 27 13 12 8 9
[SFD1.2] 31 28 13 11 10 8
[SFD2.1] 12 13 7 2 4 1
[SFD2.2] 16 17 7 5 6 3
[SFD3.1] 4 1 1 0 0 0
[SFD3.2] 5 5 5 1 0 2
[SFD3.3] 0 1 1 1 1 0
[SR1.1] 39 22 11 9 6 5
[SR1.2] 34 23 13 12 6 5
[SR1.3] 39 22 10 10 7 9
[SR2.2] 21 11 5 4 2 3
[SR2.3] 14 6 4 4 3 3
[SR2.4] 7 14 7 3 5 3
[SR2.5] 15 7 2 4 4 4
[SR2.6] 7 4 2 2 3 2
[SR3.1] 3 5 2 1 3 2
[SR3.2] 3 4 2 2 2 3
[AA1.1] 38 33 13 12 10 8
[AA1.2] 9 16 7 3 6 2
[AA1.3] 6 14 6 3 5 1
[AA1.4] 31 10 4 9 5 4
[AA2.1] 4 9 2 2 1 2
[AA2.2] 3 6 2 1 3 1
[AA3.1] 2 0 0 0 0 1
[AA3.2] 0 0 0 0 0 0
[AA3.3] 1 1 1 0 0 0
[CR1.2] 31 23 10 10 6 7
[CR1.4] 28 26 13 8 7 5
[CR1.5] 14 16 7 4 5 3
[CR1.6] 19 15 7 3 4 2
[CR2.5] 14 10 6 3 2 2
[CR2.6] 10 5 3 0 2 1
[CR2.7] 14 8 5 1 1 2
[CR3.2] 2 1 1 0 0 0
[CR3.3] 1 0 0 0 1 0
[CR3.4] 3 0 0 0 0 0
[CR3.5] 2 2 2 0 1 0
[ST1.1] 40 30 12 12 10 11
[ST1.3] 38 31 12 8 10 8
[ST2.1] 10 11 4 3 3 5
[ST2.4] 6 3 1 1 2 1
[ST2.5] 2 5 3 1 3 0
[ST2.6] 0 8 2 1 6 0
[ST3.3] 1 3 2 0 0 0
[ST3.4] 0 1 0 1 3 0
[ST3.5] 1 3 2 0 1 0
[PT1.1] 43 33 14 14 10 11
[PT1.2] 34 30 15 6 6 4
[PT1.3] 30 23 10 13 7 5
[PT2.2] 6 11 4 3 4 1
[PT2.3] 11 10 5 1 1 1
[PT3.1] 1 3 1 3 3 1
[PT3.2] 4 3 2 0 1 0
[SE1.1] 26 11 8 10 3 6
[SE1.2] 43 30 15 15 9 11
[SE2.2] 11 18 7 1 9 1
[SE2.4] 8 16 6 2 9 1
[SE3.2] 4 8 1 3 4 2
[SE3.3] 0 3 2 0 1 0
[SE3.4] 0 4 2 0 0 0
[CMVM1.1] 40 35 15 12 11 6
[CMVM1.2] 41 37 16 15 11 8
[CMVM2.1] 37 30 12 10 7 7
[CMVM2.2] 34 34 16 10 11 6
[CMVM2.3] 21 19 9 7 5 4
[CMVM3.1] 0 2 1 0 2 0
[CMVM3.2] 2 2 2 1 2 0
[CMVM3.3] 3 2 1 2 1 0
[CMVM3.4] 3 7 6 1 1 2
